Title,Author,Original Price,Discounted Price,URL,Image,Summary,Book_Title,Book_Author,Translator,Editor,Publisher,ISBN,Edition,Number Of Pages,Country,Language
রিয়াযুস সালেহীন (১-৪ খণ্ড একত্রে),ইমাম মুহিউদ্দীন ইয়াহইয়া আন-নববী (র),TK. 650,TK. 455,https://rokomari.com//book/46834/reyajus-salehin--1-4-khondo-ekotre-,https://ds.rokomari.store/rokomari110/ProductNew20190903/130X186/3436c61c5_46834.jpg,"",রিয়াযুস সালেহীন (১-৪ খণ্ড একত্রে),ইমাম মুহিউদ্দীন ইয়াহইয়া আন-নববী (র), ,মাওলানা মমতাজ উদ্দিন আহম্মেদ,বর্ণ প্রকাশ (বাংলাবাজার),9789848848548,"1st Published,2012",808,বাংলাদেশ,বাংলা
আল কুরআনে বর্ণিত পঁচিশ জন নবী ও রাসূল-এর জীবনী,আল্লামা ইব্‌নে কাছীর রহ.,TK. 350,TK. 245,https://rokomari.com//book/84609/al-qurane-borneto-poches-jon-nabi-o-rasul-er-jiboni,https://ds.rokomari.store/rokomari110/ProductNew20190903/130X186/rokimg_20140721_84609.gif,"",আল কুরআনে বর্ণিত পঁচিশ জন নবী ও রাসূল-এর জীবনী,আল্লামা ইব্‌নে কাছীর রহ.,"হাফেজ মাওলানা মহিউদ্দিন মাহমুদ মুহাদ্দিছ,মাওলানা মোহাম্মদ মাহ্‌দী হাসান সিরাজী", ,বর্ণ প্রকাশ (বাংলাবাজার), , , ,বাংলাদেশ,বাংলা
সহীহ্‌ তিরমিযী শরীফ (সকল খণ্ড একত্রে),ইমাম আবু ঈসা মুহাম্মদ ইবনে ঈসা আত তিরমিযী (রহঃ),TK. 750,TK. 525,https://rokomari.com//book/84604/sohiho-tirmizi-shorif--sokol-khondo-ekotre-,https://ds.rokomari.store/rokomari110/ProductNew20190903/130X186/rokimg_20140721_84604.gif,"",সহীহ্‌ তিরমিযী শরীফ (সকল খণ্ড একত্রে),ইমাম আবু ঈসা মুহাম্মদ ইবনে ঈসা আত তিরমিযী (রহঃ), ,মাওলানা এ. কে. এম. ফজলুর রহমান মুন্সী,বর্ণ প্রকাশ (বাংলাবাজার),9789848848654,"1st,2013",1072,বাংলাদেশ,বাংলা
বুলূগুল মারাম,আল্লামা ইবনে হাজার আসকালানী (র),TK. 350,TK. 245,https://rokomari.com//book/84610/bulgul-maram,https://ds.rokomari.store/rokomari110/ProductNew20190903/130X186/rokimg_20140721_84610.gif,"",বুলূগুল মারাম,আল্লামা ইবনে হাজার আসকালানী (র),মাওলানা এ. কে. এম. ফজলুর রহমান মুন্সী, ,বর্ণ প্রকাশ (বাংলাবাজার), , , ,বাংলাদেশ,বাংলা
সহীহ্‌ মুসলিম শরীফ (সকল খণ্ড একত্রে),ইমাম আবুল হুসাইন মুসলিম বিন আল হাজ্জাজ কুশায়রী (র),TK. 750,TK. 525,https://rokomari.com//book/84602/sohiho-muslim-sharif--sokol-khondo-ektre-,https://ds.rokomari.store/rokomari110/ProductNew20190903/130X186/rokimg_20140721_84602.gif,"",সহীহ্‌ মুসলিম শরীফ (সকল খণ্ড একত্রে),ইমাম আবুল হুসাইন মুসলিম বিন আল হাজ্জাজ কুশায়রী (র), ,মাওলানা এ. কে. এম. ফজলুর রহমান মুন্সী,বর্ণ প্রকাশ (বাংলাবাজার),9789848848623,"1st,2013",1080,বাংলাদেশ,বাংলা
সহীহ্‌ নাসাঈ শরীফ (সকল খণ্ড একত্রে),ইমাম আবু আবদির রাহমান আহমদ ইবন শু’ আয়ব আন নাসাঈ( র),TK. 800,TK. 560,https://rokomari.com//book/99382/sohiho-nasai-shorif--sokol-khondo-ektre-,https://ds.rokomari.store/rokomari110/ProductNew20190903/130X186/rokimg_20150427_99382.gif,"",সহীহ্‌ নাসাঈ শরীফ (সকল খণ্ড একত্রে),ইমাম আবু আবদির রাহমান আহমদ ইবন শু’ আয়ব আন নাসাঈ( র),মুফতী মাওলানা আব্দুল গফুর, ,বর্ণ প্রকাশ (বাংলাবাজার),9789848848715,"1st Published,2014",1072,বাংলাদেশ,বাংলা
কোরআন ও হাদীসের দৃষ্টিতে নারীদের পর্দা ও মহিলা ওয়াজ (সাদা),মাওলানা এ. কে. এম. ফজলুর রহমান মুন্সী,TK. 300,TK. 210,https://rokomari.com//book/84605/quran-o-hadither-dristita-narider-porda-o-mohila-waj--sada-,https://ds.rokomari.store/rokomari110/ProductNew20190903/130X186/e4f7e7819_84605.jpg,"",কোরআন ও হাদীসের দৃষ্টিতে নারীদের পর্দা ও মহিলা ওয়াজ (সাদা), , ,মাওলানা এ. কে. এম. ফজলুর রহমান মুন্সী,বর্ণ প্রকাশ (বাংলাবাজার),9789848848685,"1st Published,2014",401,বাংলাদেশ,বাংলা
সুনানে ইবনে মাজাহ শরীফ (সকল খণ্ড একত্রে),মুফতী মাওলানা আব্দুল গফুর,TK. 750,TK. 450,https://rokomari.com//book/99379/sunane-ibne-majah-sharif--sokol-khondo-ektre-,https://ds.rokomari.store/rokomari110/ProductNew20190903/130X186/rokimg_20150427_99379.gif,"",সুনানে ইবনে মাজাহ শরীফ (সকল খণ্ড একত্রে),"মুফতী মাওলানা আব্দুল গফুর,আবু আবদুল্লাহ মুহাম্মদ ইবনে ইয়াজিদ ইবনে মাজাহ আল-কাযবীনী (রহ.)",মুফতী মাওলানা আব্দুল গফুর, ,বর্ণ প্রকাশ (বাংলাবাজার),9789848848722,"1st Published,2014",864,বাংলাদেশ,বাংলা
সহীহ্‌ আবু দাঊদ শরীফ (সকল খণ্ড একত্রে),ইমাম আবু দাউদ সুলায়মান ইবনুল আশআছ আস সিজিস্তানী (রহ:),TK. 800,TK. 560,https://rokomari.com//book/84603/sohiho-abu-dadud-sharif--sokol-khondo-ektre-,https://ds.rokomari.store/rokomari110/ProductNew20190903/130X186/rokimg_20140721_84603.gif,"",সহীহ্‌ আবু দাঊদ শরীফ (সকল খণ্ড একত্রে),ইমাম আবু দাউদ সুলায়মান ইবনুল আশআছ আস সিজিস্তানী (রহ:),মুফতী মাওলানা আব্দুল গফুর,মাওলানা এ. কে. এম. ফজলুর রহমান মুন্সী,বর্ণ প্রকাশ (বাংলাবাজার),9789848848692,"1st,2014",1064,বাংলাদেশ,বাংলা
সহীহ আমল ও মকবুল মোনাজাত (সাদা),মাওলানা মমতাজ উদ্দিন আহম্মেদ,TK. 350,TK. 245,https://rokomari.com//book/84611/sohiho-amal-o-mokbul-monajat--sada-,https://ds.rokomari.store/rokomari110/ProductNew20190903/130X186/rokimg_20140721_84611.gif,"",সহীহ আমল ও মকবুল মোনাজাত (সাদা), ,"হাফেজ মাওলানা মোহাম্মদ আহসান হাবীব,মাওলানা মমতাজ উদ্দিন আহম্মেদ", ,বর্ণ প্রকাশ (বাংলাবাজার), , , ,বাংলাদেশ,বাংলা
কুরআন ও হাদীস সঞ্চয়ন-১,মাওলানা মুহাম্মদ মফিজুল ইসলাম,TK. 300,TK. 210,https://rokomari.com//book/84613/quran-o-hadith-sanchayon-1,https://ds.rokomari.store/rokomari110/ProductNew20190903/130X186/rokimg_20140721_84613.gif,"",কুরআন ও হাদীস সঞ্চয়ন-১, , ,মাওলানা মুহাম্মদ মফিজুল ইসলাম,বর্ণ প্রকাশ (বাংলাবাজার),9789848848616,"1st Published,2016",400,বাংলাদেশ,বাংলা
সহীহ আমল ও মকবুল মোনাজাত (নিউজ),মাওলানা মমতাজ উদ্দিন আহম্মেদ,TK. 250,TK. 175,https://rokomari.com//book/84612/sohiho-amal-o-mokbul-monajat--news-print-,https://ds.rokomari.store/rokomari110/ProductNew20190903/130X186/rokimg_20140721_84612.gif,"",সহীহ আমল ও মকবুল মোনাজাত (নিউজ), ,"হাফেজ মাওলানা মোহাম্মদ আহসান হাবীব,মাওলানা মমতাজ উদ্দিন আহম্মেদ", ,বর্ণ প্রকাশ (বাংলাবাজার), , , ,বাংলাদেশ,বাংলা
কুরআন ও হাদীস সঞ্চয়ন-১(নিউজ),মাওলানা মুহাম্মদ মফিজুল ইসলাম,TK. 200,TK. 140,https://rokomari.com//book/84614/quran-o-hadith-sanchayon-1--news-,https://ds.rokomari.store/rokomari110/ProductNew20190903/130X186/rokimg_20140721_84614.gif,"",কুরআন ও হাদীস সঞ্চয়ন-১(নিউজ), ,মাওলানা মুহাম্মদ মফিজুল ইসলাম, ,বর্ণ প্রকাশ (বাংলাবাজার), , , ,বাংলাদেশ,বাংলা
কোরআন ও হাদীসের দৃষ্টিতে নারীদের পর্দা ও মহিলা ওয়াজ (নিউজ),মাওলানা এ. কে. এম. ফজলুর রহমান মুন্সী,TK. 200,TK. 140,https://rokomari.com//book/84606/quran-o-hadither-dristita-narider-porda-o-mohila-owas--news-print-,https://ds.rokomari.store/rokomari110/ProductNew20190903/130X186/rokimg_20140721_84606.gif,"",কোরআন ও হাদীসের দৃষ্টিতে নারীদের পর্দা ও মহিলা ওয়াজ (নিউজ), , ,মাওলানা এ. কে. এম. ফজলুর রহমান মুন্সী,বর্ণ প্রকাশ (বাংলাবাজার), , , ,বাংলাদেশ,বাংলা
